1,2021-04-23T11:29:18.812782,1
2,2021-04-23T11:29:19.201131,1,2
3,2021-04-23T11:29:23.031303,1,2,3
4,2021-04-23T11:29:25.912821,1,2,3,3
5,2021-04-23T11:32:02.974594,3
6,2021-04-23T11:32:06.063614,3,4
7,2021-04-23T11:32:20.446021,2
8,2021-04-23T11:32:21.503073,2,3
9,2021-04-23T11:32:59.356629,1
10,2021-04-23T11:33:00.391508,1,2
11,2021-04-23T11:33:10.041931,2
12,2021-04-23T11:33:10.789984,2,3
13,2021-04-23T11:33:12.693286,2,3,4
14,2021-04-23T11:33:49.600384,10
15,2021-04-23T11:33:51.390514,10,1
16,2021-04-23T11:35:07.112135,10,1,3,15
17,2021-04-23T11:36:11.524194,3
18,2021-04-23T11:36:12.379342,3,4
19,2021-04-23T11:39:49.687381,3,4,5,15,16,14
20,2021-04-23T11:40:54.835380,12
21,2021-04-23T11:41:31.513227,1
22,2021-04-23T11:41:32.005860,1,1
23,2021-04-23T11:41:33.089729,1,1,1
24,2021-04-23T11:41:33.755944,1,1,1,1
25,2021-04-23T11:41:34.292750,1,1,1,1,1
26,2021-04-23T11:41:34.785189,1,1,1,1,1,1
27,2021-04-23T11:41:41.049707,1,1,1,1,1,1,1
28,2021-04-23T11:41:41.050851,14
29,2021-04-23T11:41:45.607333,14,15
30,2021-04-23T11:41:48.681686,14,15,2
31,2021-04-23T11:41:52.899733,14
32,2021-04-23T11:42:04.225604,12
33,2021-04-23T11:42:05.125114,12,12
34,2021-04-23T11:42:05.799452,12,12,12
35,2021-04-23T11:42:06.367544,12,12,12,12
36,2021-04-23T11:42:06.792346,12,12,12,12,12
37,2021-04-23T11:42:07.514842,12,12,12,12,12,12
38,2021-04-23T11:42:08.025661,12,12,12,12,12,12,12
39,2021-04-23T11:42:09.716247,2
40,2021-04-23T11:43:02.733938,1
41,2021-04-23T11:43:04.682987,1,2
42,2021-04-23T11:43:05.431666,1,2,2
43,2021-04-23T11:44:05.333271,13
44,2021-04-23T11:44:06.917476,13,12
45,2021-04-23T11:44:08.559531,13,12,14
46,2021-04-23T11:44:11.136343,13,12,14,22
47,2021-04-23T11:44:12.707114,13,12,14,22,23
48,2021-04-23T11:44:13.648525,13,12,14,22,23,1
49,2021-04-23T11:48:55.806047,14
50,2021-04-23T11:50:12.350124,14,2,3,4
51,2021-04-23T11:50:32.441951,10,3,4,13
52,2021-04-23T11:51:01.184601,14,3,4,10,4
53,2021-04-23T11:53:12.281517,10,12,13,14,14
54,2021-04-23T11:59:32.823883,14,13,1
55,2021-04-23T12:01:44.394269,13,14
